1 41 42 43 44 1727.csv
1 41 42 43 44 1728.csv
1 41 42 43 44 1729.csv
1 41 42 43 44 1730.csv
1 41 43 1739.csv
41 42 43 1742.csv
41 42 43 1788.csv
41 42 43 1789.csv
41 42 43 1790.csv
41 42 43 1791.csv
41 42 43 1792.csv
41 42 43 1793.csv
41 42 43 1805.csv
41 42 43 1807.csv
41 42 43 1822.csv
41 42 43 1824.csv
1 41 43 1828.csv
1 41 43 1829.csv
41 42 43 1835.csv
41 42 43 1859.csv
1 41 43 1872.csv
1 41 43 1873.csv
1 41 43 1876.csv
1 41 43 1893.csv
41 42 43 1916.csv
41 42 43 1918.csv
41 42 43 1919.csv
41 42 43 1922.csv
41 42 43 1923.csv
41 42 43 1931.csv
41 42 43 1932.csv
41 42 43 1933.csv
41 42 43 2104.csv
41 42 43 2105.csv
41 42 43 2106.csv
1 43 2112.csv
1 43 2113.csv
1 43 2114.csv
41 42 43 2138.csv
41 42 43 2140.csv
41 42 43 2147.csv
1 41 42 43 2148.csv
1 41 42 43 2149.csv
1 41 42 43 2150.csv
1 41 42 43 2151.csv
41 42 43 2154.csv
41 42 43 2155.csv
41 42 43 2156.csv
41 42 43 2157.csv
1 41 42 43 2166.csv
1 41 42 43 2167.csv
1 41 42 43 2168.csv
1 41 42 43 2169.csv
41 42 43 2177.csv
41 42 43 2178.csv
41 42 43 2179.csv
41 42 2186.csv
41 2191.csv
43 2217.csv
43 2218.csv
43 2219.csv
43 2220.csv
43 2221.csv
43 2222.csv
41 42 43 2241.csv
41 42 43 2242.csv
41 42 43 2243.csv
41 2244.csv
41 2288.csv
41 2289.csv
43 2293.csv
43 2294.csv
43 2295.csv
43 2296.csv
43 2297.csv
43 2298.csv
41 42 43 2313.csv
41 42 43 2314.csv
41 42 43 2315.csv
1 41 2330.csv
1 41 2334.csv
1 41 2335.csv
1 41 2336.csv
1 41 2341.csv
1 41 2342.csv
41 42 43 2365.csv
41 42 43 2366.csv
41 42 43 2368.csv
41 42 43 2376.csv
41 42 43 2377.csv
41 42 43 2379.csv
41 42 43 2381.csv
41 42 43 2382.csv
41 42 43 2383.csv
41 42 43 2384.csv
1 41 2397.csv
1 41 2398.csv
41 42 43 2403.csv
1 41 2420.csv
41 42 43 2431.csv
41 42 43 2432.csv
41 42 43 2433.csv
41 42 43 2451.csv
1 41 2462.csv
1 41 2463.csv
1 41 2466.csv
41 42 43 2480.csv
41 42 43 2481.csv
41 42 43 2482.csv
41 42 43 2483.csv
41 42 43 2494.csv
41 42 43 2497.csv
1 41 2501.csv
1 41 2502.csv
1 43 2521.csv
1 43 2522.csv
1 43 2523.csv
41 42 43 2560.csv
41 42 43 2562.csv
1 41 2570.csv
1 41 2571.csv
1 41 2572.csv
1 41 2573.csv
1 43 2586.csv
41 42 43 2621.csv
41 42 43 2622.csv
1 41 2626.csv
1 41 2627.csv
1 41 2628.csv
1 41 2629.csv
41 2659.csv
